5 6 0
-5 0 -5
1.000000 1.000000 1.000000 0.800000
0.000000 0.000000 0.000000 -0.010000
64 65
4.000000
1
95 96
3
3.00
7
0.010000
3
0.010000
0
0
0
0

1 2 1
0 0 0
1.000000 1.000000 1.000000 0.700000
0.000000 0.000000 0.000000 -0.030000
9 10
1.500000
4
24 24
1
1.40
4
0.030000
3
0.010000
0
0
1
0

1 2 1
0 0 0
1.000000 1.000000 1.000000 1.000000
0.000000 0.000000 0.030000 -0.010000
4 7
-0.020000
5
40 50
1
0.80
5
0.060000
3
0.020000
0
1
2
0

0 0 0
0 0 0
1.000000 1.000000 1.000000 0.900000
0.000000 0.000000 0.000000 0.000000
87 89
9.999999
1
88 89
1
0.52
2
0.670000
3
0.020000
0
0
0
0

2 1 2
-2 0 -2
0.700000 0.450000 0.200000 0.300001
0.000000 0.000000 0.000000 -0.010000
4 4
0.300000
1
23 23
1
0.37
3
-0.010000
3
0.020000
0
0
0
1

2 3 2
-2 -3 -2
0.600000 0.600000 0.600000 1.000000
0.000000 0.000000 0.000000 -0.050000
3 3
0.200000
10
19 21
1
0.10
5
0.000000
3
0.010000
0
0
2
1

0 0 0
0 0 1
0.000000 1.000000 1.000000 1.000000
0.000000 0.000000 0.000000 0.000000
0 0
0.000000
0
0 0
1
0.00
1
0.000000
0
0.000000
0
0
0
0

0 0 0
0 0 1
0.000000 1.000000 1.000000 1.000000
0.000000 0.000000 0.000000 0.000000
0 0
0.000000
0
0 0
1
0.00
1
0.000000
0
0.000000
0
0
0
0

0 0 0
0 0 1
0.000000 1.000000 1.000000 1.000000
0.000000 0.000000 0.000000 0.000000
0 0
0.000000
0
0 0
1
0.00
1
0.000000
0
0.000000
0
0
0
0

0 0 0
0 0 1
0.000000 1.000000 1.000000 1.000000
0.000000 0.000000 0.000000 0.000000
0 0
0.000000
0
0 0
1
0.00
1
0.000000
0
0.000000
0
0
0
0

0 0 0
0 0 1
0.000000 1.000000 1.000000 1.000000
0.000000 0.000000 0.000000 0.000000
0 0
0.000000
0
0 0
1
0.00
1
0.000000
0
0.000000
0
0
0
0

0 0 0
0 0 1
0.000000 1.000000 1.000000 1.000000
0.000000 0.000000 0.000000 0.000000
0 0
0.000000
0
0 0
1
0.00
1
0.000000
0
0.000000
0
0
0
0

0 0 0
0 0 1
0.000000 1.000000 1.000000 1.000000
0.000000 0.000000 0.000000 0.000000
0 0
0.000000
0
0 0
1
0.00
1
0.000000
0
0.000000
0
0
0
0

0 0 0
0 0 1
0.000000 1.000000 1.000000 1.000000
0.000000 0.000000 0.000000 0.000000
0 0
0.000000
0
0 0
1
0.00
1
0.000000
0
0.000000
0
0
0
0

0 0 0
0 0 1
0.000000 1.000000 1.000000 1.000000
0.000000 0.000000 0.000000 0.000000
0 0
0.000000
0
0 0
1
0.00
1
0.000000
0
0.000000
0
0
0
0

0 0 0
0 0 1
0.000000 1.000000 1.000000 1.000000
0.000000 0.000000 0.000000 0.000000
0 0
0.000000
0
0 0
1
0.00
1
0.000000
0
0.000000
0
0
0
0

0 0 0
0 0 1
0.000000 1.000000 1.000000 1.000000
0.000000 0.000000 0.000000 0.000000
0 0
0.000000
0
0 0
1
0.00
1
0.000000
0
0.000000
0
0
0
0

0 0 0
0 0 1
0.000000 1.000000 1.000000 1.000000
0.000000 0.000000 0.000000 0.000000
0 0
0.000000
0
0 0
1
0.00
1
0.000000
0
0.000000
0
0
0
0

0 0 0
0 0 1
0.000000 1.000000 1.000000 1.000000
0.000000 0.000000 0.000000 0.000000
0 0
0.000000
0
0 0
1
0.00
1
0.000000
0
0.000000
0
0
0
0

0 0 0
0 0 1
0.000000 1.000000 1.000000 1.000000
0.000000 0.000000 0.000000 0.000000
0 0
0.000000
0
0 0
1
0.00
1
0.000000
0
0.000000
0
0
0
0

0 0 0
0 0 1
0.000000 1.000000 1.000000 1.000000
0.000000 0.000000 0.000000 0.000000
0 0
0.000000
0
0 0
1
0.00
1
0.000000
0
0.000000
0
0
0
0

0 0 0
0 0 1
0.000000 1.000000 1.000000 1.000000
0.000000 0.000000 0.000000 0.000000
0 0
0.000000
0
0 0
1
0.00
1
0.000000
0
0.000000
0
0
0
0

0 0 0
0 0 1
0.000000 1.000000 1.000000 1.000000
0.000000 0.000000 0.000000 0.000000
0 0
0.000000
0
0 0
1
0.00
1
0.000000
0
0.000000
0
0
0
0

0 0 0
0 0 1
0.000000 1.000000 1.000000 1.000000
0.000000 0.000000 0.000000 0.000000
0 0
0.000000
0
0 0
1
0.00
1
0.000000
0
0.000000
0
0
0
0

0 0 0
0 0 1
0.000000 1.000000 1.000000 1.000000
0.000000 0.000000 0.000000 0.000000
0 0
0.000000
0
0 0
1
0.00
1
0.000000
0
0.000000
0
0
0
0

0 0 0
0 0 1
0.000000 1.000000 1.000000 1.000000
0.000000 0.000000 0.000000 0.000000
0 0
0.000000
0
0 0
1
0.00
1
0.000000
0
0.000000
0
0
0
0

0 0 0
0 0 1
0.000000 1.000000 1.000000 1.000000
0.000000 0.000000 0.000000 0.000000
0 0
0.000000
0
0 0
1
0.00
1
0.000000
0
0.000000
0
0
0
0

0 0 0
0 0 1
0.000000 1.000000 1.000000 1.000000
0.000000 0.000000 0.000000 0.000000
0 0
0.000000
0
0 0
1
0.00
1
0.000000
0
0.000000
0
0
0
0

0 0 0
0 0 1
0.000000 1.000000 1.000000 1.000000
0.000000 0.000000 0.000000 0.000000
0 0
0.000000
0
0 0
1
0.00
1
0.000000
0
0.000000
0
0
0
0

0 0 0
0 0 1
0.000000 1.000000 1.000000 1.000000
0.000000 0.000000 0.000000 0.000000
0 0
0.000000
0
0 0
1
0.00
1
0.000000
0
0.000000
0
0
0
0

0 0 0
0 0 1
0.000000 1.000000 1.000000 1.000000
0.000000 0.000000 0.000000 0.000000
0 0
0.000000
0
0 0
1
0.00
1
0.000000
0
0.000000
0
0
0
0

0 0 0
0 0 1
0.000000 1.000000 1.000000 1.000000
0.000000 0.000000 0.000000 0.000000
0 0
0.000000
0
0 0
1
0.00
1
0.000000
0
0.000000
0
0
0
0

